for i in 1471450 2040509 2117513 2450661 2852348 3167364 3656662 3972456 4236401 4746215 4980883 5435005 5575847 5715684 6268980 6382832 6559090 7236899 7449149 7797411 8474864 8784901 8980958 9112342 10009151 10112047 10798516 11533001 12019962 12141969 12553101 12813874 12867994 13181507 13369152 14300093 15234056 16255367 16336415 16398843 16880853 17215439 17659157 18079723 18367277 18597719 19025301 19238308 19504225 20117535
do 
bash visualizeGenomicData.sh chr2L_for_h12.csv chr2L_h12_output.txt $i 401 170 genomicvisualization.$i.pdf
done

for i in 2047201 2402968 3086235 3218876 3795427 4791486 5434042 5942936 6072698 6290643 6524982 7937085 7985871 8088407 8521008 8684350 8863441 11233764 11689081 12551383 13040832 13121020 13497559 13745645 13799468 14028112 14347910 14657993 15692199 15965354 16197125 17372202 17440791 17880791 18307832 18537733 18683032 18933810 19387583 19605679 19818924 19878135 20561650 20840658 21033010 21234606 21550174 21750488 22526592 23269159
do 
bash visualizeGenomicData.sh chr3L_for_h12.csv chr3L_h12_output.txt $i 401 170 genomicvisualization.$i.pdf
done

for i in 2032646 2462272 2616989 2799547 3184491 3420073 4645671 4920641 5133485 5238712 5416967 5633895 5790564 6549687 6702506 6904748 7352962 8041480 8764552 9219538 9779992 9831899 10560261 10758703 11200163 11348543 11444485 12051019 12565078 13200835 13426402 13602979 13752022 13850048 13908686 13966475 14109892 14462472 15164270 15427750 15982722 16397900 17917544 18231310 18362391 18530412 18753783 19130215 19342735 19941528
do 
bash visualizeGenomicData.sh chr2R_for_h12.csv chr2R_h12_output.txt $i 401 170 genomicvisualization.$i.pdf
done

for i in 1300245 1921089 2354980 3094997 3498663 3647746 3745715 3990828 4123861 4663252 4888469 5308886 5837291 6016793 6514114 6683065 6858354 8255699 8397327 8657766 8960377 9896631 10374814 11771449 12199166 12554231 13043089 13846136 14917026 17479104 17875614 19149086 20154095 20201069 20450937 20601915 20797651 20895661 21116742 21466404 21526692 21859017 22254034 22374630 22792166 23701731 25380330 25651788 26229307 26698040
do 
bash visualizeGenomicData.sh chr3R_for_h12.csv chr3R_h12_output.txt $i 401 170 genomicvisualization.$i.pdf
done

for i in 1876458 2098546 2300936 3539379 3713024 3957214 4177246 5520679 5639244 5723963 5970861 6203962 6560889 6728581 7205863 7884795 7948798 8023869 8160781 8478688 8686163 9039414 9481220 9780038 10156311 10434971 10613508 10717320 11138825 11861727 12226331 12456893 12667607 12935672 13872427 14076066 14168598 14536884 14868804 15080188 15948240 16109979 16252196 16931083 17097153 17189687 17612481 17866351 19176945 19394046
do 
bash visualizeGenomicData.sh chrX_for_h12.csv chrX_h12_output.txt $i 401 170 genomicvisualization.$i.pdf
done